0 0 0
1 8 1
2 6 2
3 -2147483641 3
4 -2147483640 4

0 0 0
1 8 1
2 6 2
3 -2147483641 3
4 -2147483640 4

0 0 0
1 8 1
2 6 2
3 -2147483641 3
4 -2147483640 4

0 0 0
1 8 1
2 6 2
3 -2147483641 3
4 -2147483640 4

0 0 0
1 8 1
2 6 2
3 -2147483641 3
4 -2147483640 4

from 1 to 0 cost 0 hops message here is a message from 1 to 0

from 2 to 4 cost 0 hops message this one gets sent from 2 to 4!

0 2147483647 0
1 0 1
2 2147483647 2
3 2147483647 3
4 2147483647 4

0 2147483647 0
1 0 1
2 2147483647 2
3 2147483647 3
4 2147483647 4

0 2147483647 0
1 0 1
2 2147483647 2
3 2147483647 3
4 2147483647 4

0 2147483647 0
1 0 1
2 2147483647 2
3 2147483647 3
4 2147483647 4

0 2147483647 0
1 0 1
2 2147483647 2
3 2147483647 3
4 2147483647 4

0 2147483647 0
1 2147483647 1
2 0 2
3 2147483647 3
4 2147483647 4

0 2147483647 0
1 2147483647 1
2 0 2
3 2147483647 3
4 2147483647 4

0 2147483647 0
1 2147483647 1
2 0 2
3 2147483647 3
4 2147483647 4

0 2147483647 0
1 2147483647 1
2 0 2
3 2147483647 3
4 2147483647 4

0 2147483647 0
1 2147483647 1
2 0 2
3 2147483647 3
4 2147483647 4

0 2147483647 0
1 2147483647 1
2 2147483647 2
3 0 3
4 2147483647 4

0 2147483647 0
1 2147483647 1
2 2147483647 2
3 0 3
4 2147483647 4

0 2147483647 0
1 2147483647 1
2 2147483647 2
3 0 3
4 2147483647 4

0 2147483647 0
1 2147483647 1
2 2147483647 2
3 0 3
4 2147483647 4

0 2147483647 0
1 2147483647 1
2 2147483647 2
3 0 3
4 2147483647 4

0 2147483647 0
1 2147483647 1
2 2147483647 2
3 2147483647 3
4 0 4

0 2147483647 0
1 2147483647 1
2 2147483647 2
3 2147483647 3
4 0 4

0 2147483647 0
1 2147483647 1
2 2147483647 2
3 2147483647 3
4 0 4

0 2147483647 0
1 2147483647 1
2 2147483647 2
3 2147483647 3
4 0 4

0 2147483647 0
1 2147483647 1
2 2147483647 2
3 2147483647 3
4 0 4

